0000000000000000000100001
0001000000000000001000001
0010000000000000001100001
0011000000000000010000001
0100000000000000010100001
0101000000000000011000001
0110000000000000011100001
0111000000000000100000001
0000000000000000000100010
0001000000000000001000010
0010000000000000001100010
0011000000000000010000010
0100000000000000010100010
0101000000000000011000010
0110000000000000011100010
0111000000000000100000010
0000000000000000000100011
0001000000000000001000011
0010000000000000001100011
0011000000000000010000011
0100000000000000010100011
0101000000000000011000011
0110000000000000011100011
0111000000000000100000011
1000000011000100000100100
1000100011000100000100101
1001000011000100000100110
1001100011000100000100111
1010000011000100000101000
1010100011000100000101001
1011000011000100000101010
1011100011000100000101011
1100000001000100000101100
1100000010000100000101101
1100000011000100000101110
1100000100000100000101111
1100000101000100000110000
1100000110000100000110001
1100000111000100000110010
1100001000000100000110011
1100001001000100000110100
1100001010000100000110101
1100001011000100000110110
1100001100000100000110111
1100001101000100000111000
1100001110000100000111001
1100001111000100000111010
1100010000000100000111011
1100010001000100000111100
1100010010000100000111101
1100010011000100000111110
